200
-6.38753 -1.7073
-1.89841 -0.636379
-2.64552 5.15677
-5.10012 0.460481
4.99558 -0.752686
1.58866 -3.44298
0.261371 1.69984
4.80718 0.731699
2.42467 2.34376
2.13353 3.62048
7.18821 1.28381
0.964831 -1.19198
-7.13677 -4.86627
0.195581 4.12043
3.10737 -3.84099
-2.26348 4.824
-5.15714 -4.57091
-7.68697 0.809188
-4.07048 -1.35147
-4.78248 3.00848
4.85393 -2.24138
-4.16125 3.06347
-2.72592 3.88595
0.210948 0.0184204
-1.76919 -1.04285
-4.57821 0.880599
4.41435 -0.443461
5.44021 -0.722812
0.0837818 -4.14818
1.88535 9.78989
2.24374 4.33386
0.822731 5.25208
-1.96956 1.68068
-3.38134 4.28976
0.677788 1.54781
10.3636 4.99776
0.0386565 -9.25968
-3.37545 9.53923
3.31584 4.71678
6.42744 1.89126
-5.49317 9.0319
-5.11153 0.293967
1.11862 -2.27943
0.0230685 0.0115348
4.20842 -6.06913
4.88198 1.99952
2.07775 -1.08093
-3.86977 4.63308
-4.09563 1.16161
-6.43266 0.889548
-4.26323 2.13399
-5.5205 -6.32006
3.43513 1.98085
-2.37512 2.14835
2.5471 2.37558
2.41997 0.42999
0.325804 -1.90707
-0.684999 2.3112
-0.0354062 1.52987
6.24525 -0.808554
-2.11865 -0.5646
1.17214 -4.47444
-2.14374 -1.65326
2.8439 0.128912
-1.10822 -0.42507
4.99078 -4.417
-0.579497 2.36885
7.75501 -2.72617
-2.17193 -7.97042
2.22884 -1.35174
3.08958 -0.137246
6.19051 2.45632
-1.45607 -3.40566
2.31564 -1.30384
3.62377 7.42802
4.31373 1.25958
-1.12852 0.450968
-4.69119 -1.17914
2.72126 -2.50471
-0.208116 3.25028
8.04683 5.35248
-1.0462 -6.11799
-2.6079 -4.52144
-2.89004 -1.37924
-2.40427 -1.40231
2.14702 4.13107
6.32917 -1.10994
-2.86966 -0.0394543
3.04404 -3.49205
2.22508 3.39297
3.26209 -2.69878
-0.670269 -3.42391
0.537202 1.55982
0.501423 4.41606
6.03389 7.99253
3.3451 -5.36432
6.13796 1.13128
2.93977 -8.96608
-6.26265 1.3803
0.382526 -2.28307
-0.551779 -2.88811
-1.94499 -3.81453
-0.110399 -4.28908
4.63686 -4.8016
1.67814 2.18924
-2.52976 2.78268
2.44762 -4.21041
3.10103 0.951712
2.84751 5.60225
-2.02213 4.64968
0.489537 0.754427
-3.59732 -5.31655
-6.48209 1.64999
4.42556 2.99702
1.31978 0.816706
4.70226 1.07294
5.76506 0.429694
-2.78565 -5.42982
4.72294 -3.58262
2.98073 0.566783
-1.2272 6.6619
2.57668 -2.31022
-2.6084 0.322836
4.83517 -4.17245
-0.375791 4.26035
-1.47967 0.670411
-0.914958 -0.235532
-2.93833 1.71322
-2.12305 -5.3162
-6.64338 1.11273
5.23985 -3.10249
6.95513 -1.2236
-1.30476 -1.94404
-4.67576 -1.21702
3.74964 3.0168
-1.31374 4.11073
-2.63422 4.85072
-2.67999 1.99236
2.28872 -2.94408
-7.66018 5.47955
-6.11049 -5.90803
0.667384 -2.88122
1.07317 3.56384
4.04955 -6.05101
3.61207 6.83286
-0.410578 0.842375
-5.31477 -2.96969
-0.125434 3.65966
-1.83336 1.70938
0.785232 -5.24961
2.29402 5.73624
3.11609 2.63335
-1.33511 2.36047
0.48912 6.36718
-1.60643 1.46964
-6.73983 -0.409983
-8.54628 -5.24304
2.30654 0.772147
-7.03345 -3.96958
-1.99004 -2.129
0.811823 -8.91344
3.29202 5.69472
-4.26698 1.59831
-5.71073 11.445
-4.24718 6.80983
-2.85663 -0.974967
-0.817383 1.8517
0.799282 -1.22924
-0.63663 3.58506
-2.87284 -5.72785
5.37598 1.96432
-0.661065 -1.80433
2.5918 1.03498
-4.06059 3.08601
-8.33765 2.41289
8.63114 -6.08471
1.8651 4.27607
-0.756061 -1.6397
2.20826 3.91318
-1.01237 -1.14836
-2.04994 3.48595
4.87386 7.14801
-8.97683 1.28241
0.616271 8.21829
1.29062 2.48376
-1.95025 -1.65045
0.140425 1.29883
-0.346069 6.46721
-1.07889 -2.04247
0.764258 3.82089
1.56739 -7.8793
1.22143 1.61658
-1.62195 -4.06211
3.24787 -1.65262
2.35377 -3.27243
-3.20441 1.98849
2.12193 -2.20479
2.1227 0.350231
-1.7251 1.85464
2.66507 -1.16018
0