1000
-4.95894 -1.62989
6.44804 1.59908
5.53121 0.209275
-3.61659 7.48261
-6.64171 -2.75232
0.302888 5.89355
0.388884 -3.56948
-0.915126 4.65973
2.33959 -2.64223
2.13902 -2.43115
2.98356 -7.00707
-3.86058 -1.89713
-2.18628 -0.153967
0.779787 -1.94058
-1.48108 -4.49631
6.94655 3.52878
-6.01116 2.28303
-3.71976 -3.73995
-3.0587 1.00342
-0.752657 -6.0526
5.29024 7.73873
5.00977 4.16681
-2.78786 2.14842
2.77926 2.16492
-7.87543 1.41671
-1.82105 1.51198
-1.09627 0.022464
-7.09145 2.07876
0.172773 -7.86674
-1.92295 -7.34563
-1.0314 -1.56695
10.7835 6.634
-4.55076 -4.88109
0.444609 -2.69172
-5.59254 -1.90985
2.5725 5.50077
-5.03559 1.03791
-6.49881 -3.98779
-0.597107 -5.33522
-5.77407 2.63224
-1.28815 -1.52248
2.37427 4.23182
-4.85102 -0.402795
1.8748 3.27636
-0.751486 -0.0922021
-1.21113 -3.99746
-6.51229 -1.00263
2.63521 -3.89383
-4.80731 -1.59781
-2.90823 1.75412
-1.71816 -8.83866
-4.90275 2.93856
2.52067 0.551184
2.696 -1.12463
-4.778 4.27672
-4.84602 -8.77879
2.72183 5.6253
-1.27096 0.494273
-1.48192 0.106652
2.37155 -0.660066
-0.357392 8.16858
0.802165 1.11123
4.65918 -3.66151
-2.26735 -1.67971
-2.61479 -2.58229
1.88521 6.09658
1.28639 -1.62469
-5.64628 -5.97243
-5.45643 4.04182
2.35351 2.06257
0.490334 -5.84918
5.39895 5.62214
4.57306 3.45171
-1.63866 2.5145
5.95191 5.13373
7.06459 5.02046
1.54555 0.382534
-2.38752 9.10873
-0.596778 -0.625284
-2.05395 -7.81714
0.174522 -4.4526
-1.64307 -5.21239
-3.23034 5.2702
5.17647 -5.92038
-3.18201 1.33335
1.16027 -1.07526
-4.46257 1.8629
-3.08389 -10.7226
-2.96871 0.767257
1.60631 3.76067
-5.21016 3.5215
-2.21628 1.33401
6.87756 -0.0508853
3.64995 4.46213
1.10411 1.32801
-10.4513 -2.54534
2.72829 -2.84643
0.708372 -3.15018
-3.28926 -2.06842
1.31547 1.28637
-4.22677 2.10104
-5.32888 -2.12235
0.50075 -1.11025
3.37663 1.64649
-1.41916 0.510621
1.42787 -0.626335
2.46248 -0.713306
-2.4104 -1.76163
-1.35995 -4.38489
-0.279865 1.14962
3.78933 -2.10227
-5.39078 -0.476923
3.86973 -1.75375
7.56095 -3.00116
-2.2679 5.58344
0.0787353 2.20026
-4.16679 -2.31944
0.37846 3.72026
-5.71898 -0.402465
1.89513 2.02235
-0.374367 0.793646
-2.8233 1.69399
2.79328 -2.93154
3.1673 1.23572
-2.29475 10.9612
-2.63901 1.78311
3.44506 -1.02068
2.53103 2.031
-0.224672 3.22756
-0.876732 3.59988
3.36917 -6.24522
-2.68312 6.51565
9.68314 -1.82276
-1.98204 -3.41444
-1.33202 -7.02798
4.33972 -0.721372
2.16674 3.11525
1.04263 -4.76652
-2.04986 -5.72134
-0.967781 9.01821
7.11772 1.10179
-2.95972 0.961023
0.935781 -2.52364
-4.23902 1.43663
0.832141 -6.24832
-2.32249 -6.9148
2.45051 0.73483
1.0249 7.50249
-0.0450861 3.33982
2.63838 7.96838
1.23568 0.814223
1.63401 0.00251554
-0.655314 4.09727
1.06937 -5.50736
2.40322 8.10666
-3.77859 -2.47149
0.620372 7.25348
-6.05172 5.79325
-3.40852 3.9348
1.67911 10.7867
3.84423 3.03704
-0.575918 -6.89324
-5.41319 3.06772
2.8424 0.261504
6.32758 -5.02948
2.69163 -0.972148
4.19663 5.37502
0.516578 0.20463
-3.56328 -0.813853
0.637792 4.65245
5.83542 0.745527
-5.99764 -3.93353
-0.279004 2.83047
-4.29249 -6.81664
-3.07513 3.15949
7.25731 0.553079
-3.26053 3.19341
7.08226 4.21941
-6.84275 -1.84049
2.04644 1.51094
-0.3 -0.578232
-3.82879 2.80956
-7.22658 -1.64178
-4.00067 -3.38903
5.71877 -3.08392
-3.60402 0.89823
1.77538 8.01952
-1.9145 -8.45429
2.33377 5.12808
-1.52896 2.52071
5.98207 0.817758
2.52999 -0.162418
1.10311 3.6177
-0.14469 -2.83753
-2.12904 -2.00891
3.37357 -2.46692
4.52437 3.1757
-3.15213 -1.10826
0.112102 7.76904
-5.98818 -1.72378
-3.59869 2.21202
0.68204 -0.608107
-4.26119 1.14277
4.27764 -1.99137
1.78227 4.52472
-0.0405128 -5.13005
-1.00181 0.988176
-6.65061 -1.60496
2.33632 3.73784
-2.33678 -1.64317
-5.45817 -0.328363
-5.0152 3.72481
3.11254 -1.23575
-0.844731 1.31626
5.73422 3.44977
9.88379 -2.42879
1.92302 -9.32075
-1.95673 -0.873502
1.98795 -0.867101
5.39546 2.94519
-1.24051 1.82096
-1.4812 4.59509
-6.18243 -4.48856
1.25739 -3.21122
-4.165 -2.32293
3.11203 3.10111
4.92133 -1.01203
-1.92464 0.284748
-5.72605 -8.31578
-3.15953 0.811843
13.155 5.10943
-3.06946 -0.218874
-0.771477 -1.00198
4.44944 -0.374995
-4.38487 4.46364
6.58484 -2.51744
10.4041 6.08004
0.561082 5.68765
-0.476505 0.776356
-5.43591 -7.14122
0.743727 6.60236
2.44529 -6.22628
2.00109 5.54594
-5.99988 -0.796528
0.110732 2.20553
-5.13668 1.52779
2.49099 3.8803
4.69696 3.6888
-1.47775 11.9563
-2.10723 3.44775
3.31821 -3.1285
0.920765 -0.739229
-0.205381 -5.64591
2.23362 2.80471
-5.90821 0.24085
4.75066 -3.34824
-3.13426 7.73556
3.30905 -0.788079
-0.369329 5.28696
-2.31385 2.29028
-3.43467 0.926811
-4.99424 -2.7226
8.76929 6.1444
-0.0707725 -3.8254
-3.10614 -1.21347
2.27504 -3.50241
2.3751 -1.77858
1.57283 1.08513
2.5815 0.0778688
-2.03397 -6.38853
-8.11584 -2.46755
-3.25059 -6.4162
-3.77246 -2.023
2.55188 -0.792954
-7.15179 1.95336
0.714473 -4.94714
0.810859 -2.00944
0.028834 2.13503
5.19319 -1.02252
-6.25073 1.16717
2.54742 5.74263
2.71947 -7.28068
-4.18892 1.71623
-2.55785 -2.64646
-3.19704 3.57877
-5.85148 2.83658
-0.437925 4.21648
3.14117 0.918075
2.81881 3.08154
0.141474 5.0797
2.99831 3.27243
-5.23595 -0.488472
7.11318 -5.1548
4.43241 10.9776
1.39097 -1.7406
-0.485711 -3.64027
-0.673459 -0.763444
5.89198 -5.23293
-0.714454 -0.40012
-2.43153 2.34851
-2.87688 0.357062
-1.67998 1.8158
-5.27036 -3.42613
-3.3963 -5.97446
0.223739 2.35751
-1.33384 7.017
1.87073 -8.2631
3.93695 -1.59211
2.63251 -2.40655
2.2176 -0.942775
-4.92454 6.80832
-2.15252 -0.903755
-2.32712 -0.703586
1.891 -3.17405
1.80413 6.02858
3.22186 -0.279209
-2.26387 -0.710762
2.47469 -4.26826
-0.886716 -8.13129
0.0900104 0.474776
5.7014 -2.60741
-4.14067 1.46897
1.59263 0.746881
0.21317 1.26952
3.1579 4.34767
-3.55197 4.56087
-0.652644 0.74026
-0.964573 4.22132
-0.193171 -2.15798
-3.30464 3.97674
-7.47188 4.33986
-1.62267 -4.16726
0.835 -0.445863
-4.78019 -3.28789
0.664463 -1.66988
0.777473 2.95222
-2.03642 1.91333
-3.77535 -7.33427
-0.934481 -3.78182
5.40091 2.50375
1.13339 9.71068
-1.62568 -6.45711
-5.80022 -2.83339
-0.306663 1.1752
3.05688 -1.44649
-4.67324 -0.504218
1.17167 4.42914
-1.02618 4.52506
6.76117 1.42823
-1.90135 -3.15553
-2.53552 -1.75554
-1.04417 -0.846157
3.92394 -5.90304
-5.31934 -3.46136
3.49048 -5.94612
-3.04276 -0.0880702
1.77866 -2.19322
1.46284 -3.98927
3.03027 -3.70822
-6.65816 -2.66416
12.3752 3.70483
1.94606 4.03939
-3.55734 6.33324
-10.9392 3.97007
5.92171 -2.60695
-4.44 -9.41852
-0.487785 -3.67245
5.39583 -7.60716
3.61041 2.93004
0.457867 1.28244
-5.6329 2.86808
-0.0630775 6.9346
-1.88401 -3.49138
-0.522318 1.55769
-3.6316 4.60037
3.10596 -4.39964
1.454 5.35078
0.148618 5.8811
-7.87104 2.88229
4.86939 -1.02741
-4.65368 1.2065
-11.2902 -0.393981
1.11764 3.5756
-1.31845 -0.454398
-2.98614 0.380995
4.60612 1.52367
2.05485 0.277191
-7.62567 -5.79219
-2.69866 -9.07127
3.19805 0.288653
2.39964 12.8947
-4.58798 -6.36398
-0.363331 -4.85099
7.68172 -3.95327
-1.40309 -2.31203
3.1775 -1.45854
-6.78861 3.00211
-0.785681 -8.53248
-0.814347 -12.6427
-0.339055 -2.37335
-6.38753 -1.7073
-1.89841 -0.636379
-2.64552 5.15677
-5.10012 0.460481
4.99558 -0.752686
1.58866 -3.44298
0.261371 1.69984
4.80718 0.731699
2.42467 2.34376
2.13353 3.62048
7.18821 1.28381
0.964831 -1.19198
-7.13677 -4.86627
0.195581 4.12043
3.10737 -3.84099
-2.26348 4.824
-5.15714 -4.57091
-7.68697 0.809188
-4.07048 -1.35147
-4.78248 3.00848
4.85393 -2.24138
-4.16125 3.06347
-2.72592 3.88595
0.210948 0.0184204
-1.76919 -1.04285
-4.57821 0.880599
4.41435 -0.443461
5.44021 -0.722812
0.0837818 -4.14818
1.88535 9.78989
2.24374 4.33386
0.822731 5.25208
-1.96956 1.68068
-3.38134 4.28976
0.677788 1.54781
10.3636 4.99776
0.0386565 -9.25968
-3.37545 9.53923
3.31584 4.71678
6.42744 1.89126
-5.49317 9.0319
-5.11153 0.293967
1.11862 -2.27943
0.0230685 0.0115348
4.20842 -6.06913
4.88198 1.99952
2.07775 -1.08093
-3.86977 4.63308
-4.09563 1.16161
-6.43266 0.889548
-4.26323 2.13399
-5.5205 -6.32006
3.43513 1.98085
-2.37512 2.14835
2.5471 2.37558
2.41997 0.42999
0.325804 -1.90707
-0.684999 2.3112
-0.0354062 1.52987
6.24525 -0.808554
-2.11865 -0.5646
1.17214 -4.47444
-2.14374 -1.65326
2.8439 0.128912
-1.10822 -0.42507
4.99078 -4.417
-0.579497 2.36885
7.75501 -2.72617
-2.17193 -7.97042
2.22884 -1.35174
3.08958 -0.137246
6.19051 2.45632
-1.45607 -3.40566
2.31564 -1.30384
3.62377 7.42802
4.31373 1.25958
-1.12852 0.450968
-4.69119 -1.17914
2.72126 -2.50471
-0.208116 3.25028
8.04683 5.35248
-1.0462 -6.11799
-2.6079 -4.52144
-2.89004 -1.37924
-2.40427 -1.40231
2.14702 4.13107
6.32917 -1.10994
-2.86966 -0.0394543
3.04404 -3.49205
2.22508 3.39297
3.26209 -2.69878
-0.670269 -3.42391
0.537202 1.55982
0.501423 4.41606
6.03389 7.99253
3.3451 -5.36432
6.13796 1.13128
2.93977 -8.96608
-6.26265 1.3803
0.382526 -2.28307
-0.551779 -2.88811
-1.94499 -3.81453
-0.110399 -4.28908
4.63686 -4.8016
1.67814 2.18924
-2.52976 2.78268
2.44762 -4.21041
3.10103 0.951712
2.84751 5.60225
-2.02213 4.64968
0.489537 0.754427
-3.59732 -5.31655
-6.48209 1.64999
4.42556 2.99702
1.31978 0.816706
4.70226 1.07294
5.76506 0.429694
-2.78565 -5.42982
4.72294 -3.58262
2.98073 0.566783
-1.2272 6.6619
2.57668 -2.31022
-2.6084 0.322836
4.83517 -4.17245
-0.375791 4.26035
-1.47967 0.670411
-0.914958 -0.235532
-2.93833 1.71322
-2.12305 -5.3162
-6.64338 1.11273
5.23985 -3.10249
6.95513 -1.2236
-1.30476 -1.94404
-4.67576 -1.21702
3.74964 3.0168
-1.31374 4.11073
-2.63422 4.85072
-2.67999 1.99236
2.28872 -2.94408
-7.66018 5.47955
-6.11049 -5.90803
0.667384 -2.88122
1.07317 3.56384
4.04955 -6.05101
3.61207 6.83286
-0.410578 0.842375
-5.31477 -2.96969
-0.125434 3.65966
-1.83336 1.70938
0.785232 -5.24961
2.29402 5.73624
3.11609 2.63335
-1.33511 2.36047
0.48912 6.36718
-1.60643 1.46964
-6.73983 -0.409983
-8.54628 -5.24304
2.30654 0.772147
-7.03345 -3.96958
-1.99004 -2.129
0.811823 -8.91344
3.29202 5.69472
-4.26698 1.59831
-5.71073 11.445
-4.24718 6.80983
-2.85663 -0.974967
-0.817383 1.8517
0.799282 -1.22924
-0.63663 3.58506
-2.87284 -5.72785
5.37598 1.96432
-0.661065 -1.80433
2.5918 1.03498
-4.06059 3.08601
-8.33765 2.41289
8.63114 -6.08471
1.8651 4.27607
-0.756061 -1.6397
2.20826 3.91318
-1.01237 -1.14836
-2.04994 3.48595
4.87386 7.14801
-8.97683 1.28241
0.616271 8.21829
1.29062 2.48376
-1.95025 -1.65045
0.140425 1.29883
-0.346069 6.46721
-1.07889 -2.04247
0.764258 3.82089
1.56739 -7.8793
1.22143 1.61658
-1.62195 -4.06211
3.24787 -1.65262
2.35377 -3.27243
-3.20441 1.98849
2.12193 -2.20479
2.1227 0.350231
-1.7251 1.85464
2.66507 -1.16018
-0.721003 -1.94164
5.90897 6.06273
0.0438606 0.983782
5.43692 4.78635
-1.23105 -3.97964
0.102729 -0.748954
4.55763 -3.29886
-1.41071 5.58318
-5.33821 -3.44616
4.89583 2.34454
6.40061 3.41818
-7.03299 2.55364
2.01628 3.71167
-3.66965 -2.3004
0.521146 0.311708
2.09271 1.86702
-3.77818 3.24278
2.43984 -3.93592
3.64216 6.83524
-4.8699 -1.90368
-1.04599 5.77197
2.63284 8.63454
5.16343 -0.743728
-2.91644 5.4374
0.397763 -0.0676748
0.499039 -4.01495
-1.79169 -7.55699
2.45045 -0.172167
1.60508 1.94021
0.815573 1.66957
-0.531217 5.98134
4.5883 -0.630785
4.8486 1.99867
1.09627 -5.08808
-5.45607 -10.238
1.05545 -0.30172
-8.66695 5.51149
1.95803 0.463938
3.18245 6.04043
2.67325 0.518906
4.1133 -3.19601
-4.15029 4.10015
5.65464 -0.225142
5.22308 -6.30855
1.10854 0.790319
-5.65172 1.21679
0.555302 3.15285
1.71706 5.07002
2.48928 1.98912
-1.13687 5.87196
4.80821 -2.13338
3.56291 9.07348
-0.369736 -2.4502
-1.11942 0.820856
-5.42039 6.12925
-5.39387 -0.167403
4.24243 0.216151
-0.22567 -2.15248
7.01734 -0.711501
-1.35163 1.76828
1.13788 -3.51239
-2.62611 6.14691
-4.67982 -3.82566
2.34601 -7.53929
0.924085 -8.1463
4.86844 0.748824
1.71463 -4.71763
4.03092 1.06042
-4.19213 5.4254
1.72785 -3.70185
3.10352 -2.86032
-3.78837 -3.11658
-3.30739 1.19659
-4.20241 -3.23807
6.28426 2.76578
-8.43128 -4.45615
-1.47347 3.23571
-1.2626 4.0379
-1.83781 1.62415
9.24523 5.89839
0.214496 -2.67956
-1.07505 3.49466
-0.212638 -1.00972
7.7055 -1.06758
5.17577 -8.05519
3.83561 1.90861
0.866881 -8.0087
-6.368 -5.18317
-2.82562 3.27266
0.744662 -3.72021
-1.02733 2.35752
-1.89269 7.48489
-4.87867 -1.90465
0.877206 1.81433
1.45085 1.38397
-4.65185 -2.88716
4.07573 -5.35246
7.29293 5.07691
-1.02367 8.77567
-5.56141 -5.13391
0.520395 -2.75467
-1.2483 -2.65056
3.07977 -2.46193
-3.10177 -4.50307
0.936661 -3.40697
-1.83068 1.04334
6.08609 -0.657332
2.08526 -7.94181
0.28635 -1.75096
-2.11678 -6.43316
-3.74174 -0.756004
2.93497 -0.147408
-1.94726 8.71011
3.73282 -2.171
-3.34744 1.30804
-6.83643 -1.52034
7.37457 -2.18313
-1.08031 9.98558
4.9672 0.508514
3.32951 -8.47159
6.61815 0.667342
0.252336 5.27828
6.27078 -0.200949
0.702556 3.95304
-3.71772 -1.27568
-4.44346 2.40316
-4.08845 5.21939
3.95913 -4.48928
9.16352 -6.65921
-0.637852 7.42189
4.57673 5.66363
8.33353 5.16087
-2.49007 -3.28006
4.33379 2.78362
1.37761 0.733819
-1.38265 -1.903
-2.16423 3.73145
5.60635 6.17419
7.85687 -1.25823
1.83702 2.16262
-7.99582 -1.34722
-0.751099 -2.34824
-2.42769 6.39602
0.00418268 -3.02492
0.162601 -3.07408
-3.58819 3.79754
9.36767 1.29623
-3.18702 3.22963
3.98486 -1.64218
0.74105 -1.13959
-2.72513 0.274295
-2.33592 0.367788
5.03988 -3.73726
1.30309 2.27393
0.500201 1.54951
-3.63412 -0.940678
-2.52732 -3.22249
-5.70631 -2.11448
1.96544 1.81308
5.64972 -1.44014
2.70097 0.720544
10.8172 7.77523
-3.71195 -0.513705
5.52465 -1.46698
-7.22845 0.764009
-0.786021 1.05864
1.88717 4.43724
0.548592 -2.25261
-3.61193 1.18784
4.24414 2.65347
1.26394 -0.293059
-6.73489 2.02784
2.42351 3.17051
2.32029 4.18228
3.06319 -5.35202
2.85783 -1.68478
4.95094 0.830715
3.6001 -4.24549
-5.58789 5.60728
-2.10811 -3.38693
-3.69511 -7.06548
-5.22448 3.33017
-3.48965 0.797095
0.24638 3.25245
2.06227 2.20942
-6.73769 1.37129
0.942519 2.09004
2.1691 -3.33413
-2.03406 0.183967
-4.29189 -2.75691
3.22696 -1.05204
-2.37698 3.36144
-1.52725 0.317502
-3.07798 3.92867
-2.39328 -0.932293
6.11563 4.46854
-1.69489 -4.49843
5.58043 -0.628282
-0.116425 -3.98951
-1.5153 -2.80173
6.6222 2.20053
-0.6612 1.9449
-0.379316 -2.23125
5.69696 2.13935
-2.71006 -1.65102
1.17785 3.05719
-1.03898 -2.62641
2.09527 5.27393
-2.38409 -1.9045
-0.542565 2.78113
-0.703453 3.54348
-3.17539 3.93403
6.11985 2.07204
1.61469 -0.0653444
-0.693065 -6.85069
4.16012 -2.67634
-4.17477 0.821676
0.317915 3.28489
0.0971175 -1.9466
-5.39794 -3.19331
-0.994879 0.484281
-8.84153 -1.01057
1.26509 -3.05943
5.116 3.30743
0.0626814 -3.05423
-1.43025 4.75847
2.61933 -4.11473
-4.27205 -2.78904
-1.22043 -3.58418
-6.09546 -10.5518
-5.60787 -0.318885
7.05123 1.77544
6.21255 0.0661419
4.20776 2.4295
-1.80065 -0.123732
-0.342565 13.3012
-3.44719 3.69849
-0.888887 0.22801
2.79376 8.15321
0.224907 -6.83861
1.17563 -3.9475
0.668264 1.65089
14.4981 5.35599
-1.97649 -3.17437
2.2115 -1.38659
-2.49844 -1.9456
7.82525 6.77861
-1.89248 4.26161
0.52539 8.91752
2.06033 1.0563
-0.621278 -8.06994
0.902432 10.6212
0.770257 0.841246
-1.22818 1.195
-0.218872 1.4113
-1.26906 -0.247552
1.67807 7.29021
-2.32597 -1.12277
5.30146 -0.701029
0.100621 0.0230146
1.71593 2.7769
-3.03767 2.34281
-2.94963 0.268431
5.42044 -0.117559
0.590214 1.18525
-0.55497 -2.03306
-0.875935 1.56051
3.47613 0.918167
-8.28763 0.0809177
-2.65497 2.37096
1.10164 0.110256
4.46019 1.48063
5.18965 -4.07685
2.48681 -7.13999
-0.0630283 -2.1609
-8.02329 -4.28201
-4.23217 5.46952
-6.73521 4.84227
-1.52565 -0.0278121
-0.0591065 -4.24639
-0.621641 -1.28064
-0.684706 -3.60857
4.44605 3.24299
10.2127 7.65186
-3.32584 3.15099
-0.746768 2.80817
-0.507734 2.18906
-2.81047 -2.69467
1.53791 -2.89755
-1.01471 -5.24661
-2.30317 1.21299
-4.72595 7.08217
-5.3453 0.581503
3.11903 -6.0576
1.25997 1.06933
-5.26689 2.44372
-2.74586 5.57887
0.978525 2.92352
4.42659 2.18555
-4.16255 -5.04691
-2.00146 -1.42911
-3.94786 4.15541
-1.09916 4.20567
-4.06949 -4.22322
-5.54457 -3.51562
-4.20851 -1.25261
3.5936 3.96196
-7.77894 4.59864
6.0705 -9.67244
-0.263004 -1.59013
-2.48949 3.5089
-0.0683892 -6.19033
-1.11929 1.6057
0.534861 4.47632
-3.82655 -5.49799
2.41942 -0.758053
2.24199 4.25197
1.13605 1.48594
5.09257 2.23752
-1.61357 0.35607
6.24378 2.06093
-2.98108 -3.55139
1.22082 3.99645
-3.60187 1.13648
-7.90439 6.28248
0.884277 3.31988
-3.07174 4.38834
6.9039 1.79907
7.62221 2.68564
1.50496 -7.60803
4.69175 -0.777479
4.29458 -2.41857
-9.64367 -3.19833
1.45033 3.08938
-3.18816 4.44975
10.1844 -0.579095
-5.76483 5.38665
-1.34791 -4.31368
2.21232 -4.37511
-4.23705 -2.24867
-4.717 0.333771
2.00439 -1.15145
1.21301 2.27226
1.84543 -0.745645
5.2904 -4.28477
-1.06448 2.73946
-5.81779 3.41876
4.22303 -1.72183
-2.34287 2.00803
-3.71372 5.54232
-2.30896 2.46025
0.310108 7.62978
-5.90194 -4.20066
-1.1547 4.26845
3.37846 4.95508
-3.93305 3.61377
-0.0963345 -8.38571
-0.875585 -2.11101
0.423794 6.46926
3.19423 -3.71226
1.44928 3.3362
-3.40169 -1.10397
1.3044 -3.60873
7.58522 6.35967
-1.61116 -8.40256
6.69685 4.13691
-4.8214 -0.000769966
1.87887 -0.883942
7.2519 3.43579
-2.86208 1.87712
7.76708 -3.01768
-1.00058 -1.85449
-2.21429 -2.73266
-4.71158 -3.54118
0.957133 2.59055
-5.062 -0.263677
5.55594 9.24688
1.45059 9.53231
2.76264 1.1793
3.62928 -5.68311
-1.80291 0.942155
0.155323 4.44661
5.92503 4.62096
0.541601 6.50253
-9.05839 -1.53402
-1.50741 -2.77023
-12.8705 -1.48809
-2.81915 2.64939
-6.33464 -3.05151
-1.89636 0.840707
0.135275 -2.02234
-6.53887 -0.207233
-4.36642 -0.644934
8.28864 -7.48211
0.535418 2.29572
3.81578 4.65946
-0.628194 -5.39259
1.08141 9.357
7.73045 2.18348
-4.3022 -5.34483
0