100
-2.87688 0.357062
-1.67998 1.8158
-5.27036 -3.42613
-3.3963 -5.97446
0.223739 2.35751
-1.33384 7.017
1.87073 -8.2631
3.93695 -1.59211
2.63251 -2.40655
2.2176 -0.942775
-4.92454 6.80832
-2.15252 -0.903755
-2.32712 -0.703586
1.891 -3.17405
1.80413 6.02858
3.22186 -0.279209
-2.26387 -0.710762
2.47469 -4.26826
-0.886716 -8.13129
0.0900104 0.474776
5.7014 -2.60741
-4.14067 1.46897
1.59263 0.746881
0.21317 1.26952
3.1579 4.34767
-3.55197 4.56087
-0.652644 0.74026
-0.964573 4.22132
-0.193171 -2.15798
-3.30464 3.97674
-7.47188 4.33986
-1.62267 -4.16726
0.835 -0.445863
-4.78019 -3.28789
0.664463 -1.66988
0.777473 2.95222
-2.03642 1.91333
-3.77535 -7.33427
-0.934481 -3.78182
5.40091 2.50375
1.13339 9.71068
-1.62568 -6.45711
-5.80022 -2.83339
-0.306663 1.1752
3.05688 -1.44649
-4.67324 -0.504218
1.17167 4.42914
-1.02618 4.52506
6.76117 1.42823
-1.90135 -3.15553
-2.53552 -1.75554
-1.04417 -0.846157
3.92394 -5.90304
-5.31934 -3.46136
3.49048 -5.94612
-3.04276 -0.0880702
1.77866 -2.19322
1.46284 -3.98927
3.03027 -3.70822
-6.65816 -2.66416
12.3752 3.70483
1.94606 4.03939
-3.55734 6.33324
-10.9392 3.97007
5.92171 -2.60695
-4.44 -9.41852
-0.487785 -3.67245
5.39583 -7.60716
3.61041 2.93004
0.457867 1.28244
-5.6329 2.86808
-0.0630775 6.9346
-1.88401 -3.49138
-0.522318 1.55769
-3.6316 4.60037
3.10596 -4.39964
1.454 5.35078
0.148618 5.8811
-7.87104 2.88229
4.86939 -1.02741
-4.65368 1.2065
-11.2902 -0.393981
1.11764 3.5756
-1.31845 -0.454398
-2.98614 0.380995
4.60612 1.52367
2.05485 0.277191
-7.62567 -5.79219
-2.69866 -9.07127
3.19805 0.288653
2.39964 12.8947
-4.58798 -6.36398
-0.363331 -4.85099
7.68172 -3.95327
-1.40309 -2.31203
3.1775 -1.45854
-6.78861 3.00211
-0.785681 -8.53248
-0.814347 -12.6427
-0.339055 -2.37335
0
